$ANSIBLE_VAULT;1.1;AES256
38653863333633303934623362613861633835303963643530653931303430383139346463646132
3031383065343135613839323763653465316431363161350a343436363636663836613638393733
38653362343932653236373637623236303762313635346533656161663766393365323065306661
3132373430323364620a373166393363643266343161316365393638626435316462623066336664
38356132623133663433633837646533623931373765623035653930313235363864376261623631
66346138333335636366366230646464343934653537636536396332646138376235383163663666
35643038653936636165363835646136393638663438386665646464303335366235616637646161
64356631616663626263316331306162303265643066656131353464393933646433303663363466
33306636656663346236306235323763313663663461373035373937326230373334643038643166
65303461623035363233303534633930643339613233363165303234636139303662333864333739
34633532663231323437396331323339333161313561343632313939613839333537396338666438
35376261373236333564396539303134666334646363333764613438386264313936376235663830
36656534616330646463356137613761363135356161323533636439323566386231393938626538
34656130613066333734323639343165643638636632626331356564353236663362376430366564
61376161646662666135353534326435643336663939663630653834326438303830646335613432
39313339626639353965653365346333623436386663643834353634656432376639393034356466
62363335663939336162633061303235343537396235343162653665303162393865366233653262
35356330346435613066643364313161373562373665613837313932313465386336343365626432
65333665323534643063336666663535346365313736376333303433613831623930306636393631
64333233323731313966333562653334623165323430333038613730386662356336616235383036
37656332633737356638326535336135613134663539666564613365333062643833313132353130
63333261333136376137356530363032353339363563633938613932663438616137326266623537
34363431346230373465326637383239316437303632316137383030656262643733383161363162
63373231306365326662353534366466346438323632356636353636343762313963613763343032
3230
